     0/299     3.39G   0.05792   0.02765   0.01434   0.09991       240       416         0         0         0         0   0.08356   0.06968   0.01289
     1/299      4.3G   0.05369   0.02814   0.01248   0.09432       135       416 5.316e-05 0.0009285 4.764e-07 9.527e-08   0.08329   0.06979    0.0113
     2/299      4.3G   0.05125   0.03078   0.01134   0.09337       156       416 5.084e-05 0.0009285 6.824e-07 1.365e-07   0.08288   0.06993  0.009963
     3/299      4.3G   0.05173    0.0305   0.01032   0.09254       124       416    0.3335  0.001857 1.285e-06 1.285e-07   0.08283   0.06859  0.008811
     4/299      4.3G   0.04973   0.03181  0.008964    0.0905       202       416 0.0001371  0.002786 3.118e-06 5.599e-07   0.08268   0.06764   0.00773
     5/299      4.3G   0.04909   0.03061  0.008093    0.0878       162       416 0.0007641   0.02043 5.169e-05 6.849e-06   0.08275   0.06617  0.006948
     6/299      4.3G   0.04806   0.03061  0.007182   0.08586       171       416    0.3352  0.003714 0.0001534 2.902e-05   0.08216   0.06715   0.00623
     7/299      4.3G   0.04472   0.02613  0.005851    0.0767       128       416   0.01421   0.04085  0.003422 0.0004464    0.0785    0.0624  0.005144
     8/299      4.3G   0.04272    0.0218  0.005303   0.06983        86       416    0.7395   0.06685   0.03241  0.006579   0.07628   0.05552  0.004283
     9/299      4.3G   0.03968    0.0214  0.004976   0.06606       223       416    0.7422    0.1077   0.04911    0.0117   0.07444   0.06115  0.003962
    10/299      4.3G   0.03803   0.02082  0.005056   0.06391       102       416    0.8088    0.1194    0.0999   0.02572   0.06694    0.0633  0.003897
    11/299      4.3G   0.03785   0.02027  0.005043   0.06316       194       416    0.7626    0.1374   0.06529   0.01198   0.06982   0.05841  0.003752
    12/299      4.3G   0.03868   0.02023  0.005059   0.06397       109       416    0.7888    0.1467   0.09829   0.02193   0.06741   0.06036  0.003756
    13/299      4.3G   0.03586   0.01917  0.005723   0.06076       126       416    0.7149   0.06871   0.01614  0.002877   0.07639   0.05056  0.003829
    14/299      4.3G   0.03596   0.01936  0.004975    0.0603       151       416    0.8149    0.1699    0.1326   0.03257   0.06658   0.05181  0.003855
    15/299      4.3G   0.03728    0.0191   0.00543   0.06181       118       416    0.7913    0.1876    0.1394   0.03368   0.06565   0.06305  0.004017
    16/299      4.3G   0.03545   0.02002  0.005314   0.06078       145       416    0.8104    0.1318   0.08507   0.01949   0.07103   0.05395  0.004015
    17/299      4.3G   0.03484   0.01813  0.005873   0.05884       181       416    0.8224    0.1328    0.1234   0.03297    0.0708   0.06007  0.004326
    18/299      4.3G   0.03538   0.02083  0.005333   0.06155        78       416    0.8159    0.1356    0.1249   0.03134   0.06553   0.05764  0.004043
    19/299      4.3G   0.03419   0.01924  0.005369    0.0588       159       416    0.8145    0.1613     0.122   0.03186   0.06834   0.05477  0.003947
    20/299      4.3G   0.03446   0.01849  0.005778   0.05873       193       416    0.8372    0.1576    0.1267   0.02942    0.0655   0.05449  0.004032
    21/299      4.3G   0.03198   0.01887  0.005525   0.05637       193       416    0.4004    0.1967   0.03834  0.007432   0.06936   0.04778  0.004075
    22/299      4.3G   0.03319   0.01798  0.005221   0.05639       146       416    0.8871    0.1968    0.2149   0.06876   0.06631   0.05688  0.004132
    23/299      4.3G    0.0306   0.01786  0.005214   0.05367       103       416    0.5026    0.3991    0.2355   0.08368   0.06238   0.05182  0.004172
    24/299      4.3G   0.03269    0.0176  0.005284   0.05557       181       416    0.8824    0.1671    0.1602   0.04462   0.06686   0.04924  0.004082
    25/299      4.3G   0.03019   0.01795  0.005009   0.05315       126       416    0.4846    0.3989    0.2073   0.06715   0.06345   0.05768  0.004171
    26/299      4.3G   0.03087   0.01839  0.005294   0.05455       132       416    0.9115    0.2266    0.2388   0.09002   0.06003   0.05486  0.004078
    27/299      4.3G   0.02835   0.01764  0.004852   0.05084       104       416    0.9413    0.2346     0.269    0.1058   0.05676   0.05083  0.003986
    28/299      4.3G   0.03053   0.01706  0.004854   0.05244       129       416    0.8929    0.2098    0.1988   0.05572   0.06121   0.05087  0.003925
    29/299      4.3G   0.02935   0.01716  0.004966   0.05147       153       416    0.9398    0.2441    0.2793    0.1147   0.05545   0.05377  0.004154
    30/299      4.3G   0.02772   0.01684  0.004756   0.04932       125       416    0.9344      0.26    0.2897    0.1195   0.05531     0.052  0.004186
    31/299      4.3G   0.02838   0.01719  0.004896   0.05046       149       416    0.9392     0.258     0.294    0.1263   0.05504   0.05431  0.004172
    32/299      4.3G   0.02853   0.01679  0.004333   0.04965       141       416    0.9382    0.2488    0.2824    0.1099   0.05688   0.05016  0.004266
    33/299      4.3G   0.02785   0.01685   0.00444   0.04914       133       416    0.9503      0.26    0.3047    0.1298    0.0521   0.05125  0.004313
    34/299      4.3G   0.02705   0.01669  0.003893   0.04763       119       416    0.9438    0.2656    0.3157    0.1385   0.05021   0.05003  0.004344
    35/299      4.3G   0.02775   0.01591  0.003443   0.04711       150       416     0.342    0.3351    0.3179    0.1315   0.05385   0.05073  0.004557
    36/299      4.3G   0.02822   0.01655  0.003284   0.04806       184       416    0.6455    0.3418    0.3329    0.1461   0.05052   0.05388  0.004788
    37/299      4.3G   0.02697   0.01654  0.002747   0.04626       149       416    0.2576    0.5249    0.3413    0.1539   0.05107   0.05059  0.003993
    38/299      4.3G   0.02737   0.01533   0.00225   0.04495        90       416    0.2612    0.3953    0.3293    0.1069   0.05699   0.04977  0.003314
    39/299      4.3G   0.02903   0.01529  0.001987   0.04631       125       416    0.2565    0.4637     0.306    0.1209   0.05573   0.05096  0.003816
    40/299      4.3G   0.02947   0.01537  0.002082   0.04692       161       416    0.7837    0.5159    0.4964    0.1812    0.0513   0.05056  0.004275
    41/299      4.3G   0.02711    0.0157   0.00171   0.04453       181       416    0.9015    0.4469    0.4915    0.1898   0.05369   0.04919  0.003443
    42/299      4.3G   0.02765    0.0145  0.001416   0.04357       129       416    0.8546    0.5195     0.541    0.2378   0.05058   0.04748  0.002947
    43/299      4.3G   0.02598   0.01556  0.001256   0.04279       158       416      0.91    0.5421    0.5655    0.2535   0.05036   0.04936  0.003087
    44/299      4.3G    0.0254   0.01496  0.001097   0.04146       131       416    0.9382    0.5406    0.5749    0.2523   0.04922   0.05131  0.002887
    45/299      4.3G   0.02516   0.01511  0.001035    0.0413       126       416    0.9191     0.588    0.5979    0.2502   0.04767   0.04982  0.002811
    46/299      4.3G    0.0251   0.01477  0.001013   0.04088       115       416    0.9674    0.5443    0.5827    0.2727   0.04847   0.04927  0.002511
    47/299      4.3G   0.02561   0.01567 0.0008885   0.04217       208       416    0.9636    0.5155     0.556    0.1838   0.05208    0.0505  0.002318
    48/299      4.3G   0.02857   0.01534  0.000935   0.04485       151       416    0.9692     0.548     0.593    0.2894   0.04741   0.04924  0.002602
    49/299      4.3G   0.02425   0.01493 0.0009324   0.04011       114       416    0.5463    0.5905     0.591    0.2748   0.04819   0.04792  0.002398
    50/299      4.3G   0.02531   0.01548 0.0008697   0.04165       178       416    0.5845    0.6161    0.6178    0.2732   0.04802   0.05075  0.002471
    51/299      4.3G   0.02442   0.01441 0.0008434   0.03967       160       416    0.6472    0.6007     0.608    0.2516   0.04913   0.04986  0.002334
    52/299      4.3G   0.02288   0.01432 0.0008556   0.03806       137       416    0.6417    0.6081    0.5959    0.2969   0.04654   0.04831  0.002142
    53/299      4.3G   0.02578   0.01456  0.000887   0.04122       100       416    0.9336    0.5749    0.5983    0.2946    0.0465   0.04948  0.002078
    54/299      4.3G   0.02439   0.01482  0.000855   0.04007       101       416    0.9447    0.5589    0.6023    0.2784   0.04806   0.04891  0.002297
    55/299      4.3G   0.02535   0.01546 0.0007723   0.04158       199       416     0.946     0.556     0.594    0.2824   0.04971    0.0483  0.002104
    56/299      4.3G   0.02463   0.01529 0.0007661   0.04069       160       416    0.5958    0.6125    0.6069    0.2593   0.04807   0.04975  0.002254
    57/299      4.3G   0.02415    0.0145 0.0006723   0.03933       160       416    0.6606    0.6011     0.609    0.2732   0.04721    0.0492  0.002484
    58/299      4.3G   0.02421   0.01454 0.0007082   0.03945       129       416    0.6196    0.6217    0.6116    0.3062   0.04639    0.0496  0.002274
    59/299      4.3G    0.0233   0.01425 0.0007296   0.03828       158       416    0.9337    0.5857    0.6317    0.2871   0.04807   0.04795  0.002277
    60/299      4.3G   0.02333   0.01473 0.0006879   0.03875       191       416    0.6012    0.6078    0.5979    0.2435   0.04957   0.04737  0.001942
    61/299      4.3G    0.0239   0.01432 0.0006484   0.03886       124       416    0.8862    0.6422    0.6541    0.2882    0.0471   0.04993  0.002281
    62/299      4.3G   0.02317   0.01467 0.0006098   0.03845       126       416     0.685    0.6302    0.6243    0.2749   0.04821   0.04828   0.00211
    63/299      4.3G   0.02338   0.01468 0.0006208   0.03867        99       416    0.6545    0.6308    0.6249    0.2823   0.04792   0.04772   0.00199
    64/299     4.31G   0.02277   0.01397 0.0006088   0.03735       177       416    0.6979    0.6518    0.6517    0.2895   0.04625   0.04735  0.002206
    65/299     4.31G    0.0228   0.01472 0.0006196   0.03813       191       416    0.6529    0.6245    0.6214    0.2976   0.04575   0.04876  0.002117
    66/299     4.31G    0.0223   0.01457 0.0005218    0.0374       138       416    0.6478    0.6515     0.646     0.282    0.0461   0.04893  0.002364
    67/299     4.31G   0.02357   0.01458 0.0005525   0.03871       181       416    0.7505    0.6393    0.6496    0.3096   0.04604   0.04784   0.00223
    68/299     4.31G   0.02259    0.0146 0.0005519   0.03774       179       416    0.7442    0.6416    0.6427    0.2777   0.04825   0.04706  0.001922
    69/299     4.31G   0.02335   0.01464 0.0005391   0.03853       133       416    0.7302    0.6365    0.6468    0.2991   0.04525   0.05103  0.002214
    70/299     4.31G   0.02269   0.01438 0.0005551   0.03763       137       416    0.7897    0.6388    0.6614    0.3397   0.04473   0.04994  0.001869
    71/299     4.31G   0.02135   0.01439 0.0005185   0.03625       172       416    0.7421    0.6606     0.662    0.3371   0.04416   0.04999  0.001847
    72/299     4.31G   0.02221   0.01463 0.0005274   0.03737       192       416    0.9629    0.6578    0.6712    0.3143   0.04394   0.04866   0.00194
    73/299     4.31G   0.02376   0.01455 0.0006866   0.03899       101       416    0.8031    0.6708    0.6699    0.3299   0.04535   0.04998  0.002094
    74/299     4.31G   0.02232   0.01426 0.0005531   0.03714       125       416    0.7575    0.6835      0.68    0.3345   0.04421   0.04855  0.001885
    75/299     4.31G   0.02163   0.01361  0.000464   0.03571       114       416    0.8799    0.6725    0.6876    0.3453   0.04388   0.04913  0.001996
    76/299     4.31G   0.02238   0.01502 0.0004841   0.03789        99       416     0.809    0.6776    0.6743    0.2972   0.04562   0.04894  0.001721
    77/299     4.31G   0.02248   0.01447 0.0005228   0.03747        93       416    0.8983    0.6697    0.6856    0.3351   0.04443   0.04881  0.002098
    78/299     4.31G   0.02152   0.01436   0.00045   0.03634       165       416    0.8743    0.6688    0.6843    0.3465   0.04414    0.0494  0.002039
    79/299     4.31G   0.02194   0.01459 0.0004944   0.03702       136       416    0.8181    0.6849    0.6836    0.3489    0.0438   0.04847  0.001807
    80/299     4.31G   0.02243   0.01412 0.0005082   0.03705       135       416    0.8595    0.6991    0.6996    0.3476   0.04405   0.04799  0.001977
    81/299     4.31G   0.02101   0.01422 0.0003647    0.0356       156       416     0.889    0.6779    0.6843    0.3306   0.04389   0.04976  0.001827
    82/299     4.31G   0.02193   0.01439 0.0004062   0.03672       236       416    0.9762    0.6688    0.6861    0.3561   0.04403   0.04794  0.001941
    83/299     4.31G   0.02019   0.01417 0.0004756   0.03483       205       416    0.9766    0.6735    0.6915    0.3655     0.043   0.04771  0.002057
    84/299     4.31G   0.01976   0.01343 0.0003793   0.03356       126       416    0.9418    0.6716    0.6847     0.367   0.04253   0.04557  0.001683
    85/299     4.31G   0.02212   0.01393 0.0003638   0.03641       110       416    0.8603    0.6964    0.6964     0.377   0.04244   0.05005  0.002047
    86/299     4.31G   0.01997   0.01369 0.0003937   0.03405       107       416    0.8584    0.6917    0.6834    0.3619   0.04378   0.04744   0.00181
    87/299     4.31G   0.02127   0.01398 0.0003526    0.0356       115       416    0.7899     0.667    0.6672    0.3283   0.04547    0.0489    0.0017
    88/299     4.31G   0.02136   0.01399   0.00037   0.03572       129       416    0.7964    0.6972    0.6887    0.3665   0.04211   0.04758  0.001827
    89/299     4.31G   0.02121   0.01393 0.0003887   0.03553        97       416    0.8303    0.7077    0.7053    0.3491     0.042   0.05022  0.001906
    90/299     4.31G   0.01998   0.01409 0.0003826   0.03445       108       416    0.8665    0.6826    0.6836    0.3347   0.04252   0.04842  0.001651
    91/299     4.31G    0.0219   0.01442  0.000415   0.03673       153       416    0.8508    0.6964    0.7067    0.3471   0.04198   0.04985  0.001764
    92/299     4.31G    0.0205    0.0145 0.0003946   0.03539       148       416    0.8436    0.6954    0.6907    0.3685   0.04259    0.0474   0.00157
    93/299     4.31G   0.02124   0.01427 0.0003897    0.0359       112       416    0.9819    0.6757    0.6957    0.3396   0.04148   0.04905  0.001703
    94/299     4.31G   0.01996   0.01354 0.0003622   0.03386       151       416    0.9624    0.6807    0.6992    0.3585   0.04149    0.0487  0.001591
    95/299     4.31G   0.02135   0.01427 0.0003783   0.03601       135       416    0.9101    0.6639    0.6722    0.3411   0.04244   0.04849  0.001592
    96/299     4.31G   0.02183   0.01436 0.0003674   0.03656       168       416    0.9066    0.6679    0.6874    0.3619   0.04237   0.04972  0.001933
    97/299     4.31G    0.0196   0.01392 0.0003617   0.03388       137       416    0.7679    0.6588    0.6526    0.3273   0.04267   0.05089  0.001827
    98/299     4.31G   0.01944   0.01393 0.0003637   0.03374       155       416    0.9177    0.6826    0.6856    0.3718   0.04074   0.04761  0.001632
    99/299     4.31G   0.02098    0.0129 0.0003696   0.03425       109       416    0.9274    0.6789    0.6961    0.3659    0.0425   0.04872  0.001844
   100/299     4.31G   0.01972   0.01385 0.0003243   0.03389       173       416     0.886    0.6551    0.6726    0.3274   0.04206   0.04982  0.002101
   101/299     4.31G   0.01956   0.01362 0.0002955   0.03348       141       416    0.9143    0.6944    0.7148    0.3819    0.0422   0.04815  0.001618
   102/299     4.31G   0.02014   0.01376 0.0003745   0.03428       156       416     0.869     0.698    0.7118    0.3677   0.04066   0.04825  0.001664
   103/299     4.31G   0.01839   0.01339 0.0002988   0.03208       170       416    0.9759    0.6816    0.7007    0.3736   0.04048   0.04713  0.001616
   104/299     4.31G   0.01899    0.0135 0.0003403   0.03283       135       416    0.8437    0.6788    0.6926    0.3553   0.04134   0.04916  0.001719
   105/299     4.31G   0.01995   0.01312 0.0003488   0.03342       126       416    0.8117    0.6413    0.6572    0.3597    0.0414   0.04963   0.00163
   106/299     4.31G   0.02109   0.01433 0.0003155   0.03574       139       416    0.7498    0.6872    0.6729    0.3604    0.0413   0.04982  0.001577
   107/299     4.31G   0.01944   0.01343 0.0003226   0.03319       155       416    0.8268    0.7129    0.6965    0.3681   0.04062   0.04948  0.001583
   108/299     4.31G   0.01917   0.01379  0.000308   0.03326       143       416    0.8138    0.7001    0.6925    0.3689   0.04055    0.0491  0.001693
   109/299     4.31G    0.0203   0.01311 0.0002739   0.03368       137       416     0.863    0.7349     0.731     0.349   0.04182     0.052  0.002067
   110/299     4.31G   0.01909   0.01362 0.0002533   0.03296       156       416      0.82    0.7148    0.7024    0.3711   0.04115   0.04939  0.001944
   111/299     4.31G   0.01832   0.01408   0.00026   0.03266       154       416    0.7676    0.6714    0.6611    0.3533   0.04043   0.04935  0.001681
   112/299     4.31G   0.02016   0.01387 0.0002964   0.03432       146       416    0.8627    0.7101      0.71     0.374   0.04009   0.04963   0.00179
   113/299     4.31G   0.01797   0.01401 0.0003085   0.03229       204       416    0.9338    0.7188    0.7261    0.3855   0.03979   0.04915  0.001663
   114/299     4.31G   0.02022   0.01448 0.0002789   0.03498       167       416    0.8399    0.6679    0.6737    0.3422   0.04181   0.05099  0.001674
   115/299     4.31G   0.01941   0.01326 0.0003242   0.03299       152       416    0.8147    0.7101    0.6977    0.3659   0.04088   0.05086  0.001786
   116/299     4.31G   0.01876   0.01372 0.0003335   0.03281       184       416     0.865    0.7211    0.7205    0.3749   0.04031   0.04941  0.001682
   117/299     4.31G   0.01976   0.01353 0.0002605   0.03356       115       416    0.7773    0.7101    0.7028    0.3457   0.04093   0.05097  0.001835
   118/299     4.31G   0.01911   0.01379 0.0002895   0.03319       120       416     0.988     0.667    0.7003    0.3429   0.04193   0.04982  0.001754
   119/299     4.31G   0.01912   0.01349 0.0002782    0.0329       107       416    0.8279    0.7001     0.684    0.3473   0.04045   0.05151  0.001895
   120/299     4.31G   0.01884   0.01321 0.0002971   0.03235       135       416    0.8808    0.7041    0.7116    0.3603   0.03995   0.05027  0.001925
   121/299     4.31G   0.01799   0.01332  0.000257   0.03157       222       416    0.8696    0.6963    0.6928    0.3727   0.04021   0.04814  0.001664
   122/299     4.31G   0.01881   0.01304 0.0002533   0.03211       134       416    0.8364    0.6917    0.6844    0.3497   0.04111   0.05161  0.001876
   123/299     4.31G   0.01807   0.01364 0.0002683   0.03198       159       416    0.8428    0.7083     0.698    0.3832   0.03996   0.04857  0.001751
   124/299     4.31G   0.01806   0.01365 0.0002778   0.03199       203       416    0.8322    0.6987     0.697    0.3556   0.03958   0.05006  0.001771
   125/299     4.31G   0.01779   0.01302 0.0002635   0.03107       184       416    0.8784    0.7006    0.7099    0.3948    0.0397   0.04986  0.001683
   126/299     4.31G   0.01945   0.01329  0.000246   0.03299       161       416    0.8567    0.6844    0.6984    0.3766   0.04012   0.05205  0.001884
   127/299     4.31G    0.0177   0.01318 0.0002274   0.03111       150       416    0.8207    0.6966    0.6887     0.371   0.03876   0.05066  0.001839
   128/299     4.31G   0.01814   0.01338 0.0002628   0.03178       134       416    0.8177     0.722    0.7124    0.3764   0.03898   0.05153  0.001724
   129/299     4.31G   0.01862   0.01384 0.0002654   0.03273       113       416    0.8078    0.7086    0.6987    0.3856   0.03895   0.04983  0.001708
   130/299     4.31G   0.01975   0.01296 0.0004415   0.03316       107       416    0.9523    0.7063    0.7271    0.3813    0.0396   0.04951  0.001757
   131/299     4.31G   0.01832   0.01359 0.0002632   0.03217       171       416     0.885    0.6973    0.6987    0.3734   0.03923   0.05082  0.001866
   132/299     4.31G   0.01759   0.01367 0.0002541   0.03151       188       416    0.8707    0.7248    0.7301    0.4055   0.03836   0.04803  0.001791
   133/299     4.31G   0.01796     0.013 0.0002362   0.03119        95       416     0.826    0.6982    0.7096    0.3916   0.03845   0.05068    0.0019
   134/299     4.31G   0.01765   0.01302 0.0002387   0.03091       185       416    0.7897    0.6993     0.692    0.3987   0.03763   0.04902  0.001671
   135/299     4.31G   0.01745   0.01309 0.0002541    0.0308       150       416    0.7719    0.6982     0.695    0.4056   0.03817   0.04877  0.001651
   136/299     4.31G   0.01862   0.01274 0.0002464    0.0316        95       416    0.8251    0.6982       0.7    0.3882   0.03947   0.05019  0.001648
   137/299     4.31G    0.0176   0.01294 0.0002496   0.03079       145       416    0.8514    0.6952    0.7045    0.3973   0.03832   0.04989  0.001703
   138/299     4.31G   0.01933   0.01322  0.000505   0.03306       138       416    0.8279    0.7092     0.713    0.3741   0.03793    0.0509  0.001831
   139/299     4.31G   0.01739   0.01291   0.00026   0.03055       143       416    0.8107    0.7002    0.6966      0.37   0.03916   0.05026  0.001735
   140/299     4.31G   0.01806   0.01348 0.0002461   0.03179       159       416    0.7955    0.6881    0.6854    0.3938   0.03896   0.05062  0.001629
   141/299     4.31G   0.01836   0.01342 0.0002037   0.03198       116       416    0.9334    0.6917    0.7153    0.3683   0.03943   0.05002  0.001724
   142/299     4.31G   0.01697   0.01318 0.0002577   0.03041       112       416    0.8158    0.6854    0.6828    0.3678   0.03787   0.04915  0.001635
   143/299     4.31G   0.01695   0.01316  0.000226   0.03034       151       416    0.9019    0.7202     0.731    0.3763   0.03785   0.05044  0.001547
   144/299     4.31G   0.01819   0.01244 0.0002191   0.03085       144       416    0.8872    0.6995    0.7144    0.3918   0.03788   0.04957  0.001577
   145/299     4.31G   0.01741   0.01324 0.0002141   0.03086       122       416    0.8491    0.7257    0.7174      0.37   0.03786   0.04959  0.001616
   146/299     4.31G   0.01774   0.01321 0.0002076   0.03116       105       416    0.8225    0.7166     0.709    0.3912   0.03794   0.05029  0.001541
   147/299     4.31G   0.01742   0.01319 0.0002044   0.03082       110       416    0.7907    0.7276    0.7172    0.3735    0.0391   0.05226  0.001593
   148/299     4.31G   0.01658   0.01324 0.0002216   0.03004       207       416    0.8384     0.712    0.6994    0.4084   0.03845   0.04978   0.00145
   149/299     4.31G   0.01654   0.01321 0.0002331   0.02998       152       416    0.9421    0.7451    0.7509    0.4017   0.03783   0.04884   0.00146
   150/299     4.31G    0.0174   0.01244 0.0002426   0.03009       117       416    0.9026    0.7367    0.7368    0.3959   0.03868   0.05056  0.001628
   151/299     4.31G   0.01723    0.0132 0.0002287   0.03066       112       416    0.8645    0.6944    0.7142    0.3944   0.03754   0.04955   0.00166
   152/299     4.31G   0.01661    0.0131 0.0002147   0.02992       157       416    0.9106    0.7174    0.7292    0.3901   0.03826   0.05077  0.001735
   153/299     4.31G   0.01665   0.01284 0.0002258   0.02972       147       416    0.9216    0.7302    0.7369     0.394   0.03796   0.04982  0.001695
   154/299     4.31G   0.01699   0.01278 0.0002322      0.03       161       416     0.915    0.7119    0.7351    0.3868   0.03906   0.05088  0.001657
   155/299     4.31G   0.01702     0.013 0.0002365   0.03026       217       416    0.8316     0.712    0.7076    0.3712    0.0383   0.05148  0.001705
   156/299     4.31G   0.01644   0.01278 0.0001758   0.02939       184       416    0.8253    0.7232    0.7129    0.3763   0.03798   0.05051  0.001684
   157/299     4.31G     0.017   0.01319  0.000212    0.0304       166       416    0.8809    0.7367    0.7346    0.3982   0.03816   0.04988    0.0017
   158/299     4.31G   0.01654   0.01279 0.0002086   0.02954       127       416     0.869    0.7229    0.7224    0.3938   0.03867   0.04935  0.001503
   159/299     4.31G   0.01645   0.01328 0.0002184   0.02995       204       416    0.8491    0.6965    0.7101    0.4064   0.03822   0.05071  0.001565
   160/299     4.31G   0.01738   0.01296 0.0002095   0.03055       103       416    0.8572    0.7259    0.7135    0.3876   0.03769   0.04942  0.001623
   161/299     4.31G   0.01633   0.01289 0.0002037   0.02943       140       416     0.885    0.7284    0.7287    0.3867   0.03843   0.04954  0.001635
   162/299     4.31G   0.01617    0.0121 0.0002365   0.02851        80       416     0.869    0.7395    0.7337    0.3894   0.03816   0.05014  0.001684
   163/299     4.31G   0.01634   0.01319 0.0002218   0.02976       211       416    0.9351    0.7477    0.7515    0.3909   0.03741   0.04973  0.001768
   164/299     4.31G   0.01608   0.01289 0.0002056   0.02918       119       416    0.8601    0.7375    0.7341    0.3674    0.0384   0.05089  0.001734
   165/299     4.31G    0.0164   0.01311 0.0001805    0.0297       173       416    0.8462     0.699    0.7206    0.3819   0.03765   0.04964  0.001593
   166/299     4.31G   0.01634   0.01303 0.0002023   0.02957       224       416    0.8609    0.7247    0.7247     0.397   0.03808   0.04858   0.00164
   167/299     4.31G   0.01609   0.01333 0.0002136   0.02963       194       416    0.8536    0.7248    0.7258    0.3919   0.03799   0.04895  0.001609
   168/299     4.31G   0.01661   0.01333 0.0002066   0.03015       122       416    0.8642    0.7101    0.7204    0.3898   0.03766   0.04994  0.001594
   169/299     4.31G    0.0159    0.0126  0.000197   0.02869       130       416    0.8968     0.724    0.7281     0.405   0.03716   0.04982   0.00163
   170/299     4.31G   0.01636    0.0128 0.0002049   0.02936       126       416    0.8754    0.7092    0.7314    0.3898   0.03785   0.04937  0.001669
   171/299     4.31G   0.01615   0.01242 0.0001978   0.02877       136       416     0.865    0.7101    0.7232    0.3905   0.03713   0.04973   0.00169
   172/299     4.31G   0.01608   0.01267 0.0002132   0.02896       106       416    0.8702    0.7131    0.7254    0.3733   0.03792   0.04993   0.00171
   173/299     4.31G   0.01589   0.01268 0.0001775   0.02875       172       416    0.8712    0.7207    0.7341    0.4039   0.03662   0.04866  0.001631
   174/299     4.31G   0.01599   0.01239 0.0001968   0.02858       138       416    0.8576    0.7128    0.7276    0.3917   0.03686   0.04968  0.001764
   175/299     4.31G   0.01572   0.01294 0.0001934   0.02885       151       416    0.8641    0.7243    0.7229    0.3905   0.03691   0.04895  0.001686
   176/299     4.31G   0.01681   0.01257 0.0003635   0.02974       123       416    0.8868    0.7376    0.7352    0.3816   0.03706   0.04986  0.001722
   177/299     4.31G   0.01702   0.01325 0.0006759   0.03094       124       416    0.9523    0.7596    0.7695    0.3974   0.03726   0.05068   0.00177
   178/299     4.31G   0.01779   0.01307 0.0001823   0.03105       165       416    0.8762    0.7642    0.7661    0.3915   0.03799   0.04986  0.001769
   179/299     4.31G   0.01644   0.01269 0.0001956   0.02933       162       416    0.9068    0.7376    0.7432    0.3818   0.03749   0.05079   0.00192
   180/299     4.31G   0.01596   0.01225 0.0002092   0.02842       116       416    0.9264    0.7191    0.7511     0.398   0.03722   0.04805  0.001733
   181/299     4.31G   0.01594   0.01229 0.0001993   0.02843       119       416    0.8775    0.7633    0.7669     0.402   0.03827   0.05005  0.001732
   182/299     4.31G   0.01553   0.01294 0.0001892   0.02866       213       416    0.8776    0.7615    0.7657    0.4108   0.03732   0.04924  0.001699
   183/299     4.31G   0.01584   0.01268 0.0001981   0.02872        91       416    0.9036    0.7239      0.74    0.4134   0.03721   0.05149  0.001629
   184/299     4.31G   0.01658   0.01313 0.0001971   0.02991       105       416    0.8631    0.7504    0.7451    0.3948   0.03755   0.05035  0.001705
   185/299     4.31G   0.01536   0.01287 0.0002124   0.02845       232       416    0.8856    0.7484    0.7469    0.4055   0.03695   0.05013  0.001721
   186/299     4.31G   0.01534    0.0129 0.0001507   0.02839       173       416    0.9361    0.7376     0.761     0.392   0.03747   0.04995  0.001755
   187/299     4.31G   0.01521   0.01213 0.0001754   0.02752       153       416     0.935    0.7358     0.755    0.4203   0.03642   0.04897   0.00171
   188/299     4.31G   0.01516   0.01222 0.0001764   0.02756       132       416    0.9038     0.722    0.7412     0.407   0.03632   0.04924  0.001736
   189/299     4.31G   0.01505   0.01239 0.0001557    0.0276       156       416    0.8989     0.721    0.7313    0.4054   0.03706   0.05163  0.001784
   190/299     4.31G    0.0153   0.01273 0.0001852   0.02822       142       416    0.8871    0.7229    0.7348    0.4068   0.03658   0.04973  0.001807
   191/299     4.31G   0.01503   0.01264 0.0001715   0.02784       139       416    0.9388    0.7311    0.7602    0.4165   0.03665    0.0491  0.001787
   192/299     4.31G   0.01564   0.01275  0.000163   0.02855       175       416    0.9409    0.7305    0.7546    0.3941   0.03668   0.05032  0.001834
   193/299     4.31G    0.0151   0.01272 0.0001841     0.028       161       416    0.9431    0.7366    0.7519    0.4116   0.03657   0.05045  0.001687
   194/299     4.31G   0.01504   0.01224 0.0001593   0.02744       174       416    0.8982    0.7363    0.7429    0.3973   0.03679   0.05095  0.001699
   195/299     4.31G   0.01496   0.01214 0.0002036    0.0273       165       416    0.9447    0.7453    0.7751    0.4124   0.03689   0.05049    0.0016
   196/299     4.31G     0.015   0.01256 0.0001587   0.02771       144       416    0.9191    0.7476    0.7538    0.4073    0.0367   0.04946   0.00158
   197/299     4.31G   0.01676   0.01343  0.000356   0.03055       151       416     0.872    0.7373    0.7381    0.4032   0.03661   0.04969  0.001541
   198/299     4.31G   0.01484   0.01234 0.0001794   0.02736       235       416    0.9611    0.7605    0.7733    0.4152   0.03663   0.04924  0.001628
   199/299     4.31G   0.01507   0.01217 0.0001403   0.02739        98       416    0.9207    0.7496    0.7597    0.4116    0.0368   0.05025  0.001598
   200/299     4.31G   0.01487    0.0123 0.0001872   0.02736       163       416    0.8642    0.7523    0.7476    0.4126   0.03685   0.05083  0.001545
   201/299     4.31G   0.01624   0.01304 0.0009183    0.0302       207       416    0.9038    0.7092     0.729    0.3836   0.03666   0.04953  0.001692
   202/299     4.31G   0.01545   0.01241 0.0001848   0.02805       110       416    0.8978    0.7239    0.7411    0.3933   0.03638    0.0506  0.001673
   203/299     4.31G    0.0148   0.01252 0.0001546   0.02747       114       416    0.9471    0.7339    0.7549    0.3984    0.0356   0.04863  0.001674
   204/299     4.31G   0.01484    0.0118 0.0001477   0.02679        97       416    0.9928     0.706    0.7516    0.4083   0.03546   0.04803  0.001621
   205/299     4.31G   0.01541   0.01265   0.00016   0.02823       133       416    0.8788    0.7219    0.7571    0.4099     0.036    0.0486  0.001641
   206/299     4.31G   0.01457   0.01205 0.0001487   0.02676       191       416    0.9393    0.7183    0.7587    0.4158   0.03643   0.04872  0.001553
   207/299     4.31G   0.01483   0.01247 0.0001828   0.02748        88       416    0.8435    0.7514    0.7532    0.4114   0.03598   0.04812  0.001495
   208/299     4.31G   0.01466   0.01237  0.000152   0.02718       238       416    0.8706    0.7401    0.7538    0.4191   0.03579    0.0483   0.00152
   209/299     4.31G   0.01466    0.0123 0.0002078   0.02717       157       416    0.8896    0.7172    0.7478    0.3983   0.03573   0.04843  0.001515
   210/299     4.31G   0.01456   0.01222 0.0001562   0.02694       189       416    0.9118     0.722    0.7464     0.399    0.0361   0.04926  0.001647
   211/299     4.31G   0.01474   0.01168 0.0001749    0.0266       125       416    0.8806    0.7638    0.7783    0.4111   0.03575   0.05033  0.001659
   212/299     4.31G   0.01474   0.01247  0.000188    0.0274       210       416    0.9491    0.7348    0.7618    0.4115   0.03606   0.04906  0.001661
   213/299     4.31G   0.01455   0.01245  0.000158   0.02716       166       416    0.9506    0.7335     0.769    0.4071   0.03613   0.04866  0.001514
   214/299     4.31G   0.01481   0.01201 0.0001656   0.02698       143       416    0.9517    0.7352    0.7624    0.4072   0.03622   0.04887  0.001555
   215/299     4.31G   0.01454   0.01186 0.0001592   0.02656       114       416    0.9433    0.7349    0.7549    0.4088   0.03665   0.04927  0.001547
   216/299     4.31G   0.01479   0.01256  0.000143   0.02749       133       416    0.9143    0.7395    0.7601    0.4127   0.03601   0.04832  0.001589
   217/299     4.31G   0.01445   0.01203  0.000173   0.02666       160       416    0.9415    0.7314    0.7702    0.4119   0.03641   0.04939  0.001661
   218/299     4.31G   0.01463   0.01251 0.0001728   0.02732       154       416     0.894    0.7777    0.7823    0.4159   0.03597   0.04902  0.001663
   219/299     4.31G   0.01436   0.01186 0.0001631   0.02638       154       416     0.968    0.7477    0.7642    0.4105   0.03573   0.04994  0.001626
   220/299     4.31G   0.01441   0.01257 0.0001693   0.02714       111       416    0.9417    0.7476    0.7582    0.4096   0.03596   0.04954  0.001709
   221/299     4.31G   0.01436    0.0117 0.0001465    0.0262       139       416    0.9362    0.7363    0.7508    0.4176   0.03609   0.04943   0.00176
   222/299     4.31G   0.01417   0.01288 0.0001627   0.02722       127       416    0.9528    0.7282    0.7501    0.4135   0.03595   0.04942  0.001681
   223/299     4.31G   0.01428    0.0129 0.0001627   0.02734       137       416    0.9337    0.7331    0.7488    0.4051   0.03614   0.04967    0.0017
   224/299     4.31G   0.01463   0.01288 0.0001539   0.02766       209       416    0.9676    0.7477    0.7653     0.412   0.03605   0.04917  0.001677
   225/299     4.31G   0.01426   0.01251 0.0001547   0.02693       118       416    0.9255    0.7359    0.7495    0.4089   0.03613   0.04966  0.001613
   226/299     4.31G   0.01396   0.01188 0.0001614   0.02601       192       416    0.9508    0.7302    0.7542    0.4192   0.03578   0.04932  0.001581
   227/299     4.31G   0.01415   0.01255 0.0001623   0.02686       132       416    0.9358    0.7358    0.7519    0.4073   0.03569     0.049  0.001658
   228/299     4.31G   0.01429   0.01254 0.0001879   0.02703       171       416    0.9063    0.7248    0.7386    0.4195   0.03532   0.04886  0.001629
   229/299     4.31G   0.01418   0.01225  0.000143   0.02658       231       416       0.9    0.7326    0.7472    0.4186   0.03569    0.0492  0.001675
   230/299     4.31G   0.01404   0.01252 0.0001282   0.02669       118       416    0.8939    0.7248    0.7476    0.4243    0.0359   0.04818  0.001631
   231/299     4.31G   0.01419    0.0123 0.0001445   0.02664       149       416    0.9552    0.7334    0.7571    0.4267   0.03576   0.04819  0.001569
   232/299     4.31G   0.01412   0.01214 0.0001522   0.02641       140       416    0.9272    0.7339    0.7568    0.4151   0.03568   0.04821   0.00166
   233/299     4.31G   0.01397   0.01203 0.0001503   0.02615       217       416    0.9239    0.7206    0.7425    0.4116   0.03552   0.04868  0.001651
   234/299     4.31G   0.01384   0.01217 0.0001432   0.02615       111       416    0.8612    0.7504    0.7553    0.4158    0.0358   0.04947  0.001562
   235/299     4.31G    0.0141   0.01231 0.0001518   0.02656       125       416    0.9458    0.7339    0.7539    0.4189   0.03568   0.04942  0.001648
   236/299     4.31G   0.01392   0.01207  0.000162   0.02615       138       416    0.9313    0.7367    0.7606    0.4163   0.03617   0.04905  0.001644
   237/299     4.31G    0.0139   0.01189 0.0001505   0.02594       110       416    0.9331    0.7338    0.7564    0.4194   0.03571   0.04929  0.001662
   238/299     4.31G   0.01502   0.01251 0.0003059   0.02783       100       416    0.9363    0.7367    0.7559    0.4234   0.03538   0.04924  0.001637
   239/299     4.31G   0.01526   0.01243 0.0001773   0.02787       137       416    0.9307    0.7343    0.7601    0.4124   0.03582   0.04918  0.001608
   240/299     4.31G   0.01391   0.01226  0.000131   0.02631       116       416    0.9306    0.7349     0.756    0.3966   0.03595   0.04931   0.00158
   241/299     4.31G   0.01387   0.01226 0.0001595   0.02629        97       416    0.9017    0.7247      0.75    0.3991   0.03605   0.04894  0.001623
   242/299     4.31G   0.01367   0.01222 0.0001497   0.02604       202       416     0.933    0.7366    0.7579    0.4027   0.03565   0.04873  0.001594
   243/299     4.31G   0.01373   0.01139 0.0001479   0.02527       149       416    0.9537     0.722    0.7497    0.3925   0.03576   0.04971  0.001666
   244/299     4.31G   0.01363   0.01159 0.0001356   0.02536       141       416    0.9355     0.722    0.7458    0.4052   0.03532   0.04919   0.00165
   245/299     4.31G   0.01383   0.01187  0.000136   0.02584       151       416     0.899    0.7247    0.7423    0.4042   0.03542   0.04931  0.001652
   246/299     4.31G    0.0137   0.01211 0.0001531   0.02596       122       416     0.904    0.7219    0.7424    0.4045   0.03531    0.0487  0.001624
   247/299     4.31G    0.0138   0.01191 0.0001684   0.02588       153       416    0.8999    0.7495    0.7618    0.4082   0.03549   0.04899  0.001584
   248/299     4.31G   0.01356   0.01217 0.0001475   0.02588       145       416    0.9379    0.7347    0.7567    0.4058   0.03535   0.04803  0.001627
   249/299     4.31G   0.01371   0.01247 0.0001585   0.02633       212       416    0.9287    0.7367    0.7575    0.4098   0.03558   0.04865  0.001624
   250/299     4.31G   0.01377   0.01205 0.0001574   0.02597        96       416    0.9392    0.7156    0.7482    0.4036   0.03612   0.04887  0.001563
   251/299     4.31G   0.01373   0.01161  0.000133   0.02547       138       416    0.8875    0.7266     0.749    0.4026   0.03556   0.04915  0.001573
   252/299     4.31G   0.01378   0.01209 0.0001653   0.02603       115       416    0.9132    0.7343     0.757    0.3978     0.036   0.04948  0.001635
   253/299     4.31G    0.0138   0.01212 0.0001585   0.02607       141       416    0.9049    0.7404    0.7557    0.4084   0.03589   0.04878  0.001581
   254/299     4.31G   0.01353   0.01183 0.0001221   0.02548       118       416    0.9127    0.7376     0.748    0.4038   0.03592   0.04897  0.001518
   255/299     4.31G   0.01352   0.01198 0.0001222   0.02562       131       416    0.9385    0.7328    0.7591    0.4033   0.03576    0.0482  0.001517
   256/299     4.31G   0.01343   0.01196 0.0001495   0.02554       132       416    0.9059    0.7211    0.7456    0.4098   0.03569   0.04907  0.001565
   257/299     4.31G    0.0135   0.01166 0.0001399    0.0253       126       416    0.9064    0.7124    0.7442    0.4092   0.03552   0.04873  0.001558
   258/299     4.31G   0.01354   0.01114 0.0001475   0.02482       100       416    0.8994    0.7211    0.7488    0.4038   0.03582   0.04815  0.001643
   259/299     4.31G   0.01321   0.01143 0.0001224   0.02476       179       416    0.9023     0.722    0.7478    0.4046   0.03552   0.04827  0.001612
   260/299     4.31G   0.01441   0.01142 0.0001845   0.02602       158       416    0.9386    0.7357    0.7473     0.405   0.03538   0.04888  0.001573
   261/299     4.31G   0.01485   0.01161 0.0005685   0.02703       101       416    0.9362    0.7355    0.7571    0.4008    0.0357   0.04873  0.001588
   262/299     4.31G    0.0136   0.01222 0.0001413   0.02595       148       416    0.9377    0.7349    0.7579    0.3986   0.03549   0.04821  0.001547
   263/299     4.31G   0.01342   0.01143 0.0001517     0.025       138       416    0.9713    0.7463    0.7678    0.3952   0.03538   0.04848   0.00153
   264/299     4.31G   0.01358   0.01191 0.0001516   0.02564       125       416     0.912    0.7274    0.7546    0.4098   0.03545    0.0482  0.001522
   265/299     4.31G   0.01328   0.01156  0.000137   0.02498        76       416    0.9319    0.7403    0.7591    0.4133   0.03549   0.04786  0.001527
   266/299     4.31G   0.01483   0.01135 0.0003059   0.02649       174       416    0.9317    0.7382    0.7589    0.4084   0.03504    0.0478  0.001522
   267/299     4.31G   0.01348   0.01172 0.0001441   0.02534       120       416    0.9375    0.7131    0.7477    0.4102   0.03526   0.04819  0.001569
   268/299     4.31G   0.01324   0.01192 0.0001388    0.0253       145       416    0.9624    0.7473    0.7703    0.4099   0.03502   0.04828  0.001564
   269/299     4.31G   0.01355   0.01215 0.0001353   0.02583       124       416    0.9063    0.7476    0.7692    0.4094   0.03556   0.04857    0.0016
   270/299     4.31G   0.01336    0.0123 0.0001308   0.02579       162       416    0.9169    0.7503    0.7588    0.4188   0.03518   0.04848  0.001581
   271/299     4.31G   0.01333   0.01207 0.0001391   0.02554       121       416     0.936    0.7371     0.758     0.416   0.03533   0.04831  0.001615
   272/299     4.31G   0.01327   0.01248 0.0001462    0.0259       137       416    0.9256    0.7355     0.748     0.412   0.03525   0.04897  0.001612
   273/299     4.31G   0.01338   0.01174 0.0001368   0.02526       206       416    0.9301    0.7505    0.7725    0.4142   0.03528   0.04876  0.001609
   274/299     4.31G   0.01334    0.0118 0.0001364   0.02528       114       416    0.9044    0.7358    0.7555    0.4137    0.0355   0.04893  0.001654
   275/299     4.31G   0.01331   0.01157 0.0001439   0.02502       120       416    0.9349    0.7329    0.7569    0.4193   0.03551   0.04915   0.00169
   276/299     4.31G   0.01331   0.01208 0.0001415   0.02553       130       416    0.9354    0.7358    0.7589    0.4172   0.03551    0.0496   0.00172
   277/299     4.31G   0.01337   0.01228 0.0001472   0.02579       123       416    0.9331    0.7367    0.7514    0.4166   0.03562   0.04945  0.001675
   278/299     4.31G   0.01326   0.01168 0.0001367   0.02507       125       416    0.9362    0.7327    0.7591    0.4182   0.03568   0.04917  0.001672
   279/299     4.31G   0.01329    0.0119 0.0001275   0.02533       117       416    0.9076    0.7313    0.7589    0.4213   0.03546   0.04904  0.001626
   280/299     4.31G    0.0132   0.01135  0.000145    0.0247       154       416    0.9104    0.7313    0.7588    0.4223   0.03539   0.04888  0.001634
   281/299     4.31G   0.01331   0.01194 0.0001402   0.02539       119       416    0.9346    0.7354    0.7578    0.4166   0.03554   0.04899   0.00165
   282/299     4.31G   0.01318   0.01147 0.0001506    0.0248       141       416    0.9329    0.7357    0.7603     0.423   0.03559   0.04875  0.001633
   283/299     4.31G   0.01336   0.01138 0.0001384   0.02488       142       416    0.9612    0.7462     0.773    0.4177   0.03543   0.04868  0.001657
   284/299     4.31G   0.01309   0.01161 0.0001442   0.02484       127       416    0.9707    0.7479    0.7719    0.4147   0.03529   0.04854  0.001638
   285/299     4.31G   0.01296   0.01151 0.0001168   0.02459        89       416    0.9688    0.7422    0.7695    0.4186   0.03492   0.04845  0.001615
   286/299     4.31G   0.01331   0.01196 0.0001454   0.02542       108       416     0.937    0.7276    0.7571    0.4118   0.03518   0.04918  0.001675
   287/299     4.31G   0.01334   0.01187 0.0001533   0.02536       112       416    0.9598    0.7472    0.7703    0.4126   0.03528   0.04903  0.001645
   288/299     4.31G     0.013   0.01128 0.0001319   0.02441       132       416    0.9366     0.733    0.7602    0.4074   0.03533     0.049  0.001645
   289/299     4.31G   0.01286   0.01184 0.0001413   0.02484       172       416    0.9401    0.7357    0.7608     0.412   0.03546   0.04873  0.001621
   290/299     4.31G   0.01299   0.01186 0.0001456   0.02499        82       416    0.9279    0.7316    0.7601    0.4139   0.03547   0.04874  0.001649
   291/299     4.31G   0.01294   0.01202 0.0001158   0.02507       197       416    0.9245    0.7304     0.761    0.4185   0.03557   0.04889  0.001691
   292/299     4.31G   0.01433   0.01194 0.0002047   0.02647       177       416    0.9267    0.7301    0.7596    0.4215   0.03547   0.04874  0.001684
   293/299     4.31G   0.01303   0.01124 0.0001265    0.0244        62       416    0.9455    0.7376    0.7519    0.4229   0.03533   0.04886  0.001655
   294/299     4.31G   0.01317   0.01194 0.0001186   0.02523       197       416    0.9534    0.7379    0.7512    0.4233   0.03531   0.04897  0.001734
   295/299     4.31G   0.01291   0.01188 0.0001417   0.02493       110       416    0.9342    0.7367    0.7589    0.4161   0.03516   0.04868  0.001744
   296/299     4.31G   0.01308   0.01223 0.0001554   0.02547       115       416    0.9347    0.7358    0.7579     0.418   0.03514   0.04881  0.001759
   297/299     4.31G   0.01285    0.0117 0.0001167   0.02466       153       416    0.9522    0.7361    0.7591    0.4177   0.03516   0.04933  0.001757
   298/299     4.31G   0.01283    0.0109 0.0001425   0.02387       146       416    0.9519    0.7367    0.7606    0.4201    0.0353   0.04925  0.001763
   299/299     4.31G   0.01316   0.01212 0.0001488   0.02544       233       416    0.9511    0.7376    0.7639    0.4205   0.03519   0.04854  0.001742
