1 0.7701005025125628 0.35267857142857145 0.03391959798994975 0.08928571428571429
1 0.75 0.5022321428571429 0.03391959798994975 0.12053571428571429
1 0.8140703517587939 0.7321428571428571 0.04020100502512563 0.14285714285714285
1 0.5778894472361809 0.8058035714285714 0.03768844221105527 0.13839285714285715
1 0.3756281407035176 0.8794642857142857 0.04773869346733668 0.16294642857142858
1 0.20854271356783918 0.9375 0.04271356783919598 0.12276785714285714
1 0.5113065326633166 0.5714285714285714 0.03391959798994975 0.11160714285714286
1 0.6419597989949749 0.4732142857142857 0.031407035175879394 0.11160714285714286
1 0.6922110552763819 0.5401785714285714 0.0364321608040201 0.11830357142857142
1 0.5967336683417085 0.39285714285714285 0.02763819095477387 0.08705357142857142
1 0.5201005025125628 0.4330357142857143 0.031407035175879394 0.10044642857142858
1 0.41331658291457285 0.40401785714285715 0.026381909547738693 0.09375
1 0.3706030150753769 0.375 0.02763819095477387 0.08928571428571429
2 0.1670854271356784 0.5178571428571429 0.031407035175879394 0.109375
0 0.39195979899497485 0.40401785714285715 0.011306532663316583 0.024553571428571428