1 0.135678391959799 0.5848214285714286 0.04648241206030151 0.13392857142857142
1 0.1658291457286432 0.49107142857142855 0.048994974874371856 0.13169642857142858
1 0.24246231155778894 0.38169642857142855 0.031407035175879394 0.11160714285714286
1 0.4057788944723618 0.31473214285714285 0.03015075376884422 0.09598214285714286
1 0.5050251256281407 0.31473214285714285 0.03015075376884422 0.09598214285714286
1 0.657035175879397 0.234375 0.03015075376884422 0.07589285714285714
1 0.5314070351758794 0.43526785714285715 0.04271356783919598 0.12053571428571429
1 0.5087939698492462 0.5535714285714286 0.0364321608040201 0.13616071428571427
1 0.3454773869346734 0.7857142857142857 0.038944723618090454 0.14955357142857142
1 0.18969849246231155 0.640625 0.0414572864321608 0.13839285714285715
1 0.7198492462311558 0.359375 0.031407035175879394 0.09821428571428571
1 0.8806532663316583 0.3638392857142857 0.031407035175879394 0.09821428571428571
1 0.7198492462311558 0.5334821428571429 0.03768844221105527 0.12053571428571429
2 0.6721105527638191 0.4732142857142857 0.03768844221105527 0.12053571428571429
0 0.6042713567839196 0.25223214285714285 0.016331658291457288 0.020089285714285716