1 0.07914572864321608 0.36830357142857145 0.031407035175879394 0.12276785714285714
1 0.14949748743718594 0.38392857142857145 0.02763819095477387 0.12053571428571429
1 0.16331658291457288 0.5625 0.04648241206030151 0.15625
1 0.2864321608040201 0.25 0.02763819095477387 0.09375
1 0.3969849246231156 0.45089285714285715 0.03391959798994975 0.12053571428571429
1 0.6871859296482412 0.29464285714285715 0.031407035175879394 0.11160714285714286
1 0.6896984924623115 0.6004464285714286 0.04396984924623116 0.14732142857142858
1 0.714824120603015 0.8058035714285714 0.05527638190954774 0.17633928571428573
1 0.7474874371859297 0.6049107142857143 0.03768844221105527 0.14285714285714285
2 0.020100502512562814 0.5178571428571429 0.03768844221105527 0.13169642857142858
0 0.41708542713567837 0.3794642857142857 0.020100502512562814 0.03794642857142857