1 0.39824120603015073 0.35044642857142855 0.03768844221105527 0.08928571428571429
1 0.33040201005025127 0.2924107142857143 0.0364321608040201 0.078125
1 0.45603015075376885 0.19642857142857142 0.032663316582914576 0.078125
1 0.4949748743718593 0.16517857142857142 0.02512562814070352 0.0625
1 0.6231155778894473 0.31473214285714285 0.035175879396984924 0.09151785714285714
1 0.5012562814070352 0.6026785714285714 0.04020100502512563 0.12053571428571429
1 0.31532663316582915 0.7544642857142857 0.048994974874371856 0.12946428571428573
1 0.46984924623115576 0.78125 0.04773869346733668 0.12723214285714285
1 0.5728643216080402 0.78125 0.07537688442211055 0.060267857142857144
1 0.6683417085427136 0.6071428571428571 0.04396984924623116 0.10044642857142858
1 0.6922110552763819 0.7098214285714286 0.04648241206030151 0.12723214285714285
2 0.21105527638190955 0.3638392857142857 0.04020100502512563 0.09375
0 0.7110552763819096 0.6383928571428571 0.016331658291457288 0.024553571428571428