1 0.9233668341708543 0.609375 0.0414572864321608 0.14732142857142858
1 0.7625628140703518 0.3794642857142857 0.03391959798994975 0.12946428571428573
1 0.7110552763819096 0.32142857142857145 0.03768844221105527 0.12053571428571429
1 0.571608040201005 0.4107142857142857 0.02763819095477387 0.13392857142857142
1 0.5301507537688442 0.35267857142857145 0.038944723618090454 0.12276785714285714
1 0.48743718592964824 0.40625 0.04396984924623116 0.13169642857142858
1 0.42462311557788945 0.41517857142857145 0.032663316582914576 0.11830357142857142
1 0.5376884422110553 0.5714285714285714 0.03768844221105527 0.140625
1 0.5829145728643216 0.5200892857142857 0.059045226130653265 0.11607142857142858
1 0.7386934673366834 0.5580357142857143 0.0364321608040201 0.13169642857142858
1 0.2198492462311558 0.734375 0.04271356783919598 0.17857142857142858
1 0.23241206030150754 0.6473214285714286 0.02763819095477387 0.16071428571428573
1 0.292713567839196 0.53125 0.04522613065326633 0.14955357142857142
1 0.38944723618090454 0.5133928571428571 0.0364321608040201 0.13839285714285715
1 0.3806532663316583 0.45535714285714285 0.0364321608040201 0.12276785714285714
1 0.17336683417085427 0.37276785714285715 0.03768844221105527 0.12723214285714285
2 0.6846733668341709 0.65625 0.03015075376884422 0.16294642857142858
0 0.707286432160804 0.6004464285714286 0.02135678391959799 0.033482142857142856