1 0.2550251256281407 0.6339285714285714 0.04020100502512563 0.18303571428571427
1 0.37185929648241206 0.5535714285714286 0.04020100502512563 0.16071428571428573
1 0.6017587939698492 0.5580357142857143 0.048994974874371856 0.16294642857142858
1 0.7663316582914573 0.4263392857142857 0.04648241206030151 0.13392857142857142
1 0.8479899497487438 0.4017857142857143 0.04271356783919598 0.16294642857142858
1 0.3341708542713568 0.46875 0.05527638190954774 0.14732142857142858
1 0.3957286432160804 0.3549107142857143 0.048994974874371856 0.14732142857142858
1 0.41959798994974873 0.4017857142857143 0.05402010050251256 0.13839285714285715
1 0.4472361809045226 0.41964285714285715 0.04396984924623116 0.13392857142857142
1 0.5866834170854272 0.36830357142857145 0.052763819095477386 0.13839285714285715
1 0.5766331658291457 0.31919642857142855 0.04020100502512563 0.12276785714285714
2 0.9811557788944724 0.6361607142857143 0.03768844221105527 0.18973214285714285
0 0.31909547738693467 0.6517857142857143 0.02512562814070352 0.04017857142857143