1 0.18341708542713567 0.6071428571428571 0.03768844221105527 0.13839285714285715
1 0.20603015075376885 0.4955357142857143 0.03391959798994975 0.12053571428571429
1 0.25879396984924624 0.37276785714285715 0.0414572864321608 0.11160714285714286
1 0.4221105527638191 0.32589285714285715 0.03015075376884422 0.09375
1 0.4962311557788945 0.31473214285714285 0.03015075376884422 0.10714285714285714
1 0.6922110552763819 0.25892857142857145 0.03015075376884422 0.08705357142857142
1 0.5464824120603015 0.42857142857142855 0.03391959798994975 0.11830357142857142
1 0.5615577889447236 0.5379464285714286 0.035175879396984924 0.13616071428571427
1 0.38567839195979897 0.8125 0.04271356783919598 0.16071428571428573
1 0.2185929648241206 0.6517857142857143 0.0364321608040201 0.13616071428571427
1 0.7650753768844221 0.546875 0.04396984924623116 0.140625
1 0.7726130653266332 0.36607142857142855 0.03391959798994975 0.09375
1 0.8341708542713567 0.3794642857142857 0.03015075376884422 0.10044642857142858
2 0.6834170854271356 0.47767857142857145 0.04020100502512563 0.12946428571428573
0 0.5276381909547738 0.24553571428571427 0.017587939698492462 0.026785714285714284