1 0.15954773869346733 0.43973214285714285 0.03768844221105527 0.13169642857142858
1 0.1922110552763819 0.40401785714285715 0.03391959798994975 0.11607142857142858
1 0.3241206030150754 0.421875 0.03391959798994975 0.11607142857142858
1 0.3341708542713568 0.5178571428571429 0.038944723618090454 0.12946428571428573
1 0.15954773869346733 0.5959821428571429 0.04271356783919598 0.140625
1 0.46733668341708545 0.7254464285714286 0.03768844221105527 0.14955357142857142
1 0.3844221105527638 0.515625 0.035175879396984924 0.12723214285714285
1 0.45603015075376885 0.4642857142857143 0.026381909547738693 0.12276785714285714
1 0.47110552763819097 0.43080357142857145 0.02386934673366834 0.13169642857142858
1 0.5376884422110553 0.3861607142857143 0.035175879396984924 0.12276785714285714
1 0.5741206030150754 0.8549107142857143 0.04020100502512563 0.16071428571428573
1 0.1620603015075377 0.8258928571428571 0.04020100502512563 0.17633928571428573