1 0.15326633165829145 0.38839285714285715 0.05402010050251256 0.12053571428571429
1 0.43844221105527637 0.5133928571428571 0.06155778894472362 0.109375
1 0.1934673366834171 0.7075892857142857 0.04396984924623116 0.15625
1 0.5628140703517588 0.6205357142857143 0.05150753768844221 0.16071428571428573
1 0.5389447236180904 0.46875 0.04648241206030151 0.13839285714285715
1 0.6947236180904522 0.43526785714285715 0.04522613065326633 0.11383928571428571
1 0.7135678391959799 0.5691964285714286 0.04648241206030151 0.12946428571428573
1 0.7650753768844221 0.35267857142857145 0.038944723618090454 0.10044642857142858
1 0.8040201005025126 0.4263392857142857 0.048994974874371856 0.13392857142857142
1 0.9434673366834171 0.42857142857142855 0.052763819095477386 0.13839285714285715
1 0.7512562814070352 0.5491071428571429 0.03768844221105527 0.14285714285714285
0 0.4748743718592965 0.6361607142857143 0.02386934673366834 0.033482142857142856