1 0.5904522613065326 0.5625 0.04396984924623116 0.16517857142857142
1 0.7361809045226131 0.44642857142857145 0.0364321608040201 0.14955357142857142
1 0.8153266331658291 0.39285714285714285 0.052763819095477386 0.16071428571428573
1 0.3492462311557789 0.5803571428571429 0.0364321608040201 0.16071428571428573
1 0.30778894472361806 0.6584821428571429 0.04773869346733668 0.16741071428571427
1 0.38190954773869346 0.34598214285714285 0.03768844221105527 0.13839285714285715
1 0.37814070351758794 0.46875 0.04396984924623116 0.13839285714285715
1 0.4635678391959799 0.4107142857142857 0.0364321608040201 0.140625
1 0.4849246231155779 0.43080357142857145 0.0364321608040201 0.12946428571428573
1 0.5992462311557789 0.3705357142857143 0.04271356783919598 0.14285714285714285
2 0.9321608040201005 0.6272321428571429 0.05025125628140704 0.18080357142857142
0 0.3241206030150754 0.6986607142857143 0.020100502512562814 0.03794642857142857