1 0.1771356783919598 0.39285714285714285 0.0364321608040201 0.10714285714285714
1 0.2600502512562814 0.4642857142857143 0.05527638190954774 0.11830357142857142
1 0.314070351758794 0.4799107142857143 0.035175879396984924 0.11383928571428571
1 0.33542713567839194 0.390625 0.028894472361809045 0.109375
1 0.36683417085427134 0.3861607142857143 0.03391959798994975 0.10714285714285714
1 0.35678391959798994 0.5044642857142857 0.03015075376884422 0.12946428571428573
1 0.6042713567839196 0.5424107142857143 0.038944723618090454 0.15178571428571427
1 0.7876884422110553 0.7857142857142857 0.05402010050251256 0.16294642857142858
1 0.5414572864321608 0.4017857142857143 0.03391959798994975 0.12276785714285714
1 0.7412060301507538 0.36607142857142855 0.03391959798994975 0.11160714285714286
1 0.6884422110552764 0.31026785714285715 0.031407035175879394 0.09821428571428571
1 0.9748743718592965 0.31919642857142855 0.032663316582914576 0.109375
1 0.49120603015075376 0.35044642857142855 0.052763819095477386 0.08258928571428571
1 0.5904522613065326 0.2924107142857143 0.02763819095477387 0.06919642857142858
1 0.5891959798994975 0.28348214285714285 0.02386934673366834 0.08258928571428571
2 0.8907035175879398 0.4486607142857143 0.035175879396984924 0.109375
0 0.5188442211055276 0.29464285714285715 0.016331658291457288 0.020089285714285716