1 0.28266331658291455 0.37723214285714285 0.04020100502512563 0.08258928571428571
1 0.25 0.8258928571428571 0.04271356783919598 0.14732142857142858
1 0.35678391959798994 0.4263392857142857 0.03015075376884422 0.09598214285714286
1 0.3844221105527638 0.27232142857142855 0.0364321608040201 0.09375
1 0.4623115577889447 0.29017857142857145 0.0364321608040201 0.07366071428571429
1 0.6067839195979899 0.4419642857142857 0.04271356783919598 0.10044642857142858
1 0.5376884422110553 0.6294642857142857 0.0364321608040201 0.109375
1 0.4547738693467337 0.8638392857142857 0.05025125628140704 0.12053571428571429
1 0.44597989949748745 0.7991071428571429 0.03391959798994975 0.11160714285714286
1 0.6457286432160804 0.6785714285714286 0.035175879396984924 0.11607142857142858
1 0.678391959798995 0.640625 0.02763819095477387 0.10714285714285714
1 0.9409547738693468 0.25 0.028894472361809045 0.08258928571428571
2 0.1620603015075377 0.46875 0.028894472361809045 0.10267857142857142
0 0.7110552763819096 0.6473214285714286 0.013819095477386936 0.026785714285714284