1 0.2236180904522613 0.9151785714285714 0.04020100502512563 0.14508928571428573
1 0.3869346733668342 0.875 0.04020100502512563 0.14955357142857142
1 0.5678391959798995 0.7901785714285714 0.04020100502512563 0.14285714285714285
1 0.8040201005025126 0.6941964285714286 0.035175879396984924 0.12723214285714285
1 0.7814070351758794 0.32589285714285715 0.03015075376884422 0.08482142857142858
1 0.7663316582914573 0.5089285714285714 0.0364321608040201 0.11607142857142858
1 0.707286432160804 0.5535714285714286 0.03391959798994975 0.12723214285714285
1 0.5376884422110553 0.5669642857142857 0.0364321608040201 0.11830357142857142
1 0.6532663316582915 0.4486607142857143 0.03391959798994975 0.10491071428571429
1 0.6206030150753769 0.375 0.02763819095477387 0.078125
1 0.48743718592964824 0.41294642857142855 0.03768844221105527 0.08482142857142858
1 0.42336683417085424 0.39955357142857145 0.03015075376884422 0.09151785714285714
1 0.3731155778894472 0.35267857142857145 0.02763819095477387 0.09375
2 0.2135678391959799 0.5223214285714286 0.038944723618090454 0.10491071428571429
0 0.37185929648241206 0.38169642857142855 0.011306532663316583 0.020089285714285716