1 0.8693467336683417 0.22098214285714285 0.03015075376884422 0.12053571428571429
1 0.47361809045226133 0.18303571428571427 0.038944723618090454 0.08705357142857142
1 0.5590452261306532 0.39285714285714285 0.0364321608040201 0.12946428571428573
1 0.6444723618090452 0.6517857142857143 0.05150753768844221 0.13169642857142858
1 0.6859296482412061 0.6741071428571429 0.048994974874371856 0.12276785714285714
1 0.3027638190954774 0.5223214285714286 0.04396984924623116 0.14955357142857142
1 0.18467336683417085 0.8236607142857143 0.0364321608040201 0.16294642857142858
1 0.2600502512562814 0.30357142857142855 0.0364321608040201 0.11607142857142858
1 0.23869346733668342 0.05803571428571429 0.026381909547738693 0.08705357142857142
1 0.3806532663316583 0.29464285714285715 0.03015075376884422 0.10714285714285714
1 0.056532663316582916 0.36160714285714285 0.03768844221105527 0.12946428571428573
1 0.06281407035175879 0.19419642857142858 0.031407035175879394 0.10714285714285714
1 0.02135678391959799 0.18973214285714285 0.032663316582914576 0.09821428571428571
2 0.17336683417085427 0.46205357142857145 0.04648241206030151 0.13392857142857142
0 0.9045226130653267 0.6830357142857143 0.02135678391959799 0.03571428571428571