1 0.23492462311557788 0.40401785714285715 0.035175879396984924 0.13839285714285715
1 0.28391959798994976 0.5267857142857143 0.04020100502512563 0.13169642857142858
1 0.22738693467336685 0.65625 0.038944723618090454 0.14508928571428573
1 0.2638190954773869 0.6897321428571429 0.03015075376884422 0.140625
1 0.44472361809045224 0.8638392857142857 0.04396984924623116 0.16071428571428573
1 0.5577889447236181 0.546875 0.0364321608040201 0.12723214285714285
1 0.5276381909547738 0.4575892857142857 0.032663316582914576 0.11383928571428571
1 0.6067839195979899 0.24553571428571427 0.032663316582914576 0.08035714285714286
1 0.38316582914572866 0.33035714285714285 0.02763819095477387 0.09598214285714286
1 0.40326633165829145 0.3013392857142857 0.02763819095477387 0.09375
1 0.792713567839196 0.5892857142857143 0.03768844221105527 0.14732142857142858
1 0.7600502512562815 0.4263392857142857 0.03391959798994975 0.09821428571428571
1 0.8027638190954773 0.4419642857142857 0.032663316582914576 0.10491071428571429
2 0.6721105527638191 0.5200892857142857 0.031407035175879394 0.13169642857142858
0 0.42462311557788945 0.21875 0.01507537688442211 0.026785714285714284