1 0.24748743718592964 0.39955357142857145 0.026381909547738693 0.10267857142857142
1 0.32663316582914576 0.4419642857142857 0.04020100502512563 0.11607142857142858
1 0.38190954773869346 0.375 0.031407035175879394 0.08928571428571429
1 0.3844221105527638 0.45535714285714285 0.03391959798994975 0.109375
1 0.4007537688442211 0.48214285714285715 0.02386934673366834 0.11160714285714286
1 0.4321608040201005 0.375 0.03015075376884422 0.10714285714285714
1 0.5113065326633166 0.36830357142857145 0.048994974874371856 0.04241071428571429
1 0.5603015075376885 0.39955357142857145 0.026381909547738693 0.12276785714285714
1 0.6017587939698492 0.28794642857142855 0.03391959798994975 0.08928571428571429
1 0.6457286432160804 0.28348214285714285 0.03391959798994975 0.09821428571428571
1 0.7361809045226131 0.3169642857142857 0.031407035175879394 0.10714285714285714
1 0.7650753768844221 0.36607142857142855 0.031407035175879394 0.11383928571428571
1 0.6670854271356784 0.5424107142857143 0.035175879396984924 0.14732142857142858
1 0.7801507537688442 0.7566964285714286 0.05402010050251256 0.15625
2 0.9484924623115578 0.4486607142857143 0.035175879396984924 0.12276785714285714
0 0.45979899497487436 0.31919642857142855 0.017587939698492462 0.024553571428571428