1 0.24748743718592964 0.3794642857142857 0.038944723618090454 0.11383928571428571
1 0.27889447236180903 0.5044642857142857 0.035175879396984924 0.13392857142857142
1 0.23618090452261306 0.6361607142857143 0.03391959798994975 0.14285714285714285
1 0.2650753768844221 0.6674107142857143 0.035175879396984924 0.140625
1 0.44472361809045224 0.8526785714285714 0.03768844221105527 0.15401785714285715
1 0.6834170854271356 0.26339285714285715 0.032663316582914576 0.09151785714285714
1 0.7675879396984925 0.40401785714285715 0.032663316582914576 0.09821428571428571
1 0.8090452261306532 0.40848214285714285 0.02763819095477387 0.10267857142857142
1 0.8090452261306532 0.5625 0.0364321608040201 0.14508928571428573
1 0.5866834170854272 0.5357142857142857 0.03015075376884422 0.13392857142857142
1 0.5489949748743719 0.4419642857142857 0.031407035175879394 0.12053571428571429
1 0.44221105527638194 0.33705357142857145 0.031407035175879394 0.09821428571428571
1 0.43090452261306533 0.29017857142857145 0.018844221105527637 0.05357142857142857
2 0.6972361809045227 0.5 0.032663316582914576 0.12946428571428573
0 0.4547738693467337 0.19642857142857142 0.01507537688442211 0.026785714285714284