1 0.6959798994974874 0.2700892857142857 0.02763819095477387 0.08705357142857142
1 0.47613065326633164 0.31026785714285715 0.02763819095477387 0.10044642857142858
1 0.4258793969849246 0.3325892857142857 0.031407035175879394 0.10491071428571429
1 0.25 0.37723214285714285 0.03015075376884422 0.11383928571428571
1 0.22613065326633167 0.5 0.04020100502512563 0.13392857142857142
1 0.1984924623115578 0.6227678571428571 0.031407035175879394 0.13392857142857142
1 0.22613065326633167 0.65625 0.031407035175879394 0.13839285714285715
1 0.39824120603015073 0.8348214285714286 0.04773869346733668 0.16741071428571427
1 0.5489949748743719 0.43080357142857145 0.035175879396984924 0.11160714285714286
1 0.5766331658291457 0.5401785714285714 0.0414572864321608 0.12723214285714285
1 0.7763819095477387 0.5513392857142857 0.04271356783919598 0.13839285714285715
1 0.7738693467336684 0.37723214285714285 0.031407035175879394 0.09821428571428571
1 0.8090452261306532 0.3794642857142857 0.020100502512562814 0.09821428571428571
2 0.6909547738693468 0.47544642857142855 0.03768844221105527 0.12276785714285714