1 0.3492462311557789 0.3950892857142857 0.04396984924623116 0.08705357142857142
1 0.38567839195979897 0.39955357142857145 0.02763819095477387 0.09821428571428571
1 0.5364321608040201 0.40401785714285715 0.028894472361809045 0.09375
1 0.5113065326633166 0.45535714285714285 0.03391959798994975 0.09821428571428571
1 0.45979899497487436 0.5669642857142857 0.03015075376884422 0.12053571428571429
1 0.32914572864321606 0.8772321428571429 0.03768844221105527 0.15178571428571427
1 0.5603015075376885 0.8035714285714286 0.035175879396984924 0.140625
1 0.5967336683417085 0.4955357142857143 0.028894472361809045 0.12276785714285714
1 0.6532663316582915 0.5334821428571429 0.0364321608040201 0.12276785714285714
1 0.7047738693467337 0.49107142857142855 0.03391959798994975 0.12053571428571429
1 0.7236180904522613 0.37723214285714285 0.03015075376884422 0.10044642857142858
1 0.7889447236180904 0.7678571428571429 0.04020100502512563 0.14508928571428573
2 0.08165829145728644 0.5200892857142857 0.032663316582914576 0.12723214285714285
0 0.5113065326633166 0.3482142857142857 0.02135678391959799 0.026785714285714284