1 0.8668341708542714 0.5736607142857143 0.04522613065326633 0.13839285714285715
1 0.9208542713567839 0.35267857142857145 0.052763819095477386 0.14285714285714285
1 0.8052763819095478 0.296875 0.04271356783919598 0.12946428571428573
1 0.6595477386934674 0.38839285714285715 0.0414572864321608 0.14285714285714285
1 0.5841708542713567 0.33035714285714285 0.03391959798994975 0.12276785714285714
1 0.5376884422110553 0.3861607142857143 0.03768844221105527 0.13169642857142858
1 0.6130653266331658 0.4888392857142857 0.05025125628140704 0.12053571428571429
1 0.4836683417085427 0.3861607142857143 0.0414572864321608 0.12053571428571429
1 0.44221105527638194 0.48660714285714285 0.04020100502512563 0.14508928571428573
1 0.3379396984924623 0.5089285714285714 0.04271356783919598 0.15178571428571427
1 0.2989949748743719 0.6986607142857143 0.0414572864321608 0.17410714285714285
1 0.27386934673366836 0.640625 0.04648241206030151 0.16294642857142858
1 0.25251256281407036 0.35267857142857145 0.04020100502512563 0.140625
1 0.5477386934673367 0.5669642857142857 0.05402010050251256 0.14285714285714285
1 0.43467336683417085 0.44642857142857145 0.03015075376884422 0.13839285714285715
2 0.7738693467336684 0.6361607142857143 0.035175879396984924 0.16071428571428573
0 0.5766331658291457 0.6540178571428571 0.026381909547738693 0.04017857142857143