1 0.13190954773869346 0.5870535714285714 0.05025125628140704 0.15178571428571427
1 0.23366834170854273 0.48660714285714285 0.048994974874371856 0.16741071428571427
1 0.40954773869346733 0.5066964285714286 0.03391959798994975 0.13392857142857142
1 0.5728643216080402 0.5357142857142857 0.04773869346733668 0.15178571428571427
1 0.3542713567839196 0.39285714285714285 0.031407035175879394 0.13616071428571427
1 0.3869346733668342 0.4263392857142857 0.032663316582914576 0.13169642857142858
1 0.5276381909547738 0.3794642857142857 0.03768844221105527 0.140625
1 0.5037688442211056 0.3482142857142857 0.0414572864321608 0.14508928571428573
1 0.5464824120603015 0.35714285714285715 0.026381909547738693 0.14285714285714285
1 0.8555276381909548 0.4263392857142857 0.04648241206030151 0.15625
1 0.8417085427135679 0.41294642857142855 0.03391959798994975 0.14955357142857142
0 0.33040201005025127 0.47544642857142855 0.02386934673366834 0.046875