1 0.21608040201005024 0.390625 0.04648241206030151 0.13616071428571427
1 0.22613065326633167 0.6651785714285714 0.04648241206030151 0.15178571428571427
1 0.4396984924623116 0.5200892857142857 0.04271356783919598 0.13392857142857142
1 0.5791457286432161 0.609375 0.04396984924623116 0.15625
1 0.5678391959798995 0.4642857142857143 0.048994974874371856 0.13839285714285715
1 0.7223618090452262 0.5424107142857143 0.04020100502512563 0.11830357142857142
1 0.7525125628140703 0.5357142857142857 0.04522613065326633 0.13169642857142858
1 0.8178391959798995 0.43526785714285715 0.056532663316582916 0.12276785714285714
1 0.7801507537688442 0.36160714285714285 0.05150753768844221 0.11830357142857142
1 0.7437185929648241 0.4263392857142857 0.059045226130653265 0.10491071428571429
1 0.9824120603015075 0.4330357142857143 0.035175879396984924 0.140625
0 0.3630653266331658 0.6540178571428571 0.02135678391959799 0.033482142857142856