1 0.18216080402010051 0.4955357142857143 0.04020100502512563 0.12723214285714285
1 0.16080402010050251 0.6049107142857143 0.03768844221105527 0.13839285714285715
1 0.25753768844221103 0.37723214285714285 0.038944723618090454 0.11607142857142858
1 0.41331658291457285 0.32589285714285715 0.028894472361809045 0.09151785714285714
1 0.2022613065326633 0.6584821428571429 0.03768844221105527 0.13839285714285715
1 0.3630653266331658 0.796875 0.04648241206030151 0.14732142857142858
1 0.5025125628140703 0.31026785714285715 0.028894472361809045 0.10044642857142858
1 0.542713567839196 0.43080357142857145 0.03768844221105527 0.11830357142857142
1 0.5376884422110553 0.546875 0.04396984924623116 0.13616071428571427
1 0.6809045226130653 0.24776785714285715 0.03391959798994975 0.08928571428571429
1 0.7525125628140703 0.36607142857142855 0.04020100502512563 0.09821428571428571
1 0.8592964824120602 0.36830357142857145 0.03015075376884422 0.10491071428571429
1 0.7437185929648241 0.5401785714285714 0.04020100502512563 0.140625
2 0.678391959798995 0.4799107142857143 0.03768844221105527 0.13392857142857142
0 0.5665829145728644 0.24776785714285715 0.01256281407035176 0.022321428571428572