1 0.23241206030150754 0.8816964285714286 0.04020100502512563 0.13839285714285715
1 0.38944723618090454 0.8705357142857143 0.03768844221105527 0.13616071428571427
1 0.5163316582914573 0.7924107142857143 0.03391959798994975 0.13392857142857142
1 0.5690954773869347 0.5758928571428571 0.02763819095477387 0.11160714285714286
1 0.6884422110552764 0.5803571428571429 0.032663316582914576 0.11160714285714286
1 0.7587939698492462 0.5290178571428571 0.04271356783919598 0.10491071428571429
1 0.7336683417085427 0.6339285714285714 0.031407035175879394 0.10491071428571429
1 0.621859296482412 0.41294642857142855 0.03015075376884422 0.08928571428571429
1 0.6042713567839196 0.36830357142857145 0.02512562814070352 0.07366071428571429
1 0.800251256281407 0.29464285714285715 0.02763819095477387 0.078125
1 0.3706030150753769 0.31919642857142855 0.02386934673366834 0.08928571428571429
1 0.3693467336683417 0.3950892857142857 0.02763819095477387 0.078125
1 0.4082914572864322 0.41517857142857145 0.02512562814070352 0.08928571428571429
2 0.21231155778894473 0.53125 0.0364321608040201 0.10491071428571429
0 0.4723618090452261 0.39955357142857145 0.018844221105527637 0.024553571428571428