1 0.6972361809045227 0.2700892857142857 0.031407035175879394 0.08705357142857142
1 0.4585427135678392 0.31026785714285715 0.02512562814070352 0.10044642857142858
1 0.5489949748743719 0.42857142857142855 0.03015075376884422 0.11607142857142858
1 0.5829145728643216 0.5357142857142857 0.0364321608040201 0.13839285714285715
1 0.792713567839196 0.5625 0.0364321608040201 0.12946428571428573
1 0.7663316582914573 0.38839285714285715 0.028894472361809045 0.109375
1 0.800251256281407 0.4017857142857143 0.02763819095477387 0.10267857142857142
1 0.4334170854271357 0.34151785714285715 0.02512562814070352 0.09821428571428571
1 0.24623115577889448 0.3794642857142857 0.028894472361809045 0.11160714285714286
1 0.25125628140703515 0.5089285714285714 0.04020100502512563 0.12723214285714285
1 0.2185929648241206 0.6316964285714286 0.02763819095477387 0.13839285714285715
1 0.24246231155778894 0.6651785714285714 0.04020100502512563 0.12723214285714285
1 0.4221105527638191 0.8392857142857143 0.04648241206030151 0.16071428571428573
2 0.6959798994974874 0.49107142857142855 0.0364321608040201 0.12723214285714285
0 0.46984924623115576 0.25223214285714285 0.017587939698492462 0.029017857142857144