1 0.03768844221105527 0.609375 0.032663316582914576 0.11160714285714286
1 0.3555276381909548 0.7544642857142857 0.05025125628140704 0.12723214285714285
1 0.3969849246231156 0.5669642857142857 0.04271356783919598 0.109375
1 0.457286432160804 0.8794642857142857 0.05402010050251256 0.14955357142857142
1 0.6293969849246231 0.6696428571428571 0.056532663316582916 0.12723214285714285
1 0.45226130653266333 0.2857142857142857 0.03391959798994975 0.08258928571428571
1 0.5477386934673367 0.15178571428571427 0.028894472361809045 0.08705357142857142
1 0.550251256281407 0.08482142857142858 0.02386934673366834 0.06473214285714286
1 0.5728643216080402 0.07589285714285714 0.02135678391959799 0.06696428571428571
1 0.6947236180904522 0.22544642857142858 0.03015075376884422 0.09375
1 0.43844221105527637 0.23214285714285715 0.02135678391959799 0.08258928571428571
1 0.7324120603015075 0.7075892857142857 0.026381909547738693 0.13169642857142858
1 0.7110552763819096 0.6941964285714286 0.031407035175879394 0.12053571428571429
1 0.020100502512562814 0.07142857142857142 0.020100502512562814 0.08035714285714286
1 0.07412060301507538 0.049107142857142856 0.02386934673366834 0.07589285714285714
2 0.2701005025125628 0.296875 0.03391959798994975 0.09598214285714286
0 0.699748743718593 0.609375 0.017587939698492462 0.03125