1 0.1884422110552764 0.6071428571428571 0.06281407035175879 0.16071428571428573
1 0.27889447236180903 0.484375 0.04773869346733668 0.15625
1 0.37814070351758794 0.40625 0.03768844221105527 0.13392857142857142
1 0.38819095477386933 0.5379464285714286 0.035175879396984924 0.13839285714285715
1 0.4108040201005025 0.42857142857142855 0.03768844221105527 0.11607142857142858
1 0.5829145728643216 0.5580357142857143 0.04522613065326633 0.14732142857142858
1 0.7914572864321608 0.41517857142857145 0.04773869346733668 0.14508928571428573
1 0.8517587939698492 0.41294642857142855 0.038944723618090454 0.171875
1 0.5565326633165829 0.37276785714285715 0.04271356783919598 0.14508928571428573
1 0.5389447236180904 0.33035714285714285 0.03768844221105527 0.14508928571428573
0 0.33040201005025127 0.578125 0.02386934673366834 0.04241071428571429