1 0.9371859296482412 0.9174107142857143 0.06658291457286432 0.14955357142857142
1 0.8278894472361809 0.6339285714285714 0.04522613065326633 0.12276785714285714
1 0.7361809045226131 0.7633928571428571 0.048994974874371856 0.13839285714285715
1 0.4271356783919598 0.7276785714285714 0.048994974874371856 0.11830357142857142
1 0.35175879396984927 0.515625 0.032663316582914576 0.109375
1 0.3228643216080402 0.5223214285714286 0.02763819095477387 0.109375
1 0.4748743718592965 0.2544642857142857 0.032663316582914576 0.08705357142857142
1 0.5125628140703518 0.27455357142857145 0.026381909547738693 0.08035714285714286
1 0.5288944723618091 0.32589285714285715 0.02135678391959799 0.09821428571428571
1 0.5728643216080402 0.36830357142857145 0.03015075376884422 0.09375
1 0.6030150753768844 0.4263392857142857 0.04648241206030151 0.10491071428571429
1 0.6884422110552764 0.5133928571428571 0.04271356783919598 0.13392857142857142
1 0.507537688442211 0.546875 0.032663316582914576 0.10491071428571429
1 0.5452261306532663 0.5267857142857143 0.031407035175879394 0.10491071428571429
1 0.5138190954773869 0.45982142857142855 0.026381909547738693 0.09821428571428571
2 0.27386934673366836 0.38839285714285715 0.026381909547738693 0.10491071428571429
0 0.40326633165829145 0.49107142857142855 0.020100502512562814 0.033482142857142856