1 0.5025125628140703 0.8147321428571429 0.05402010050251256 0.08705357142857142
1 0.457286432160804 0.8013392857142857 0.0364321608040201 0.13839285714285715
1 0.2876884422110553 0.796875 0.031407035175879394 0.12946428571428573
1 0.5213567839195979 0.625 0.04396984924623116 0.11160714285714286
1 0.30778894472361806 0.34151785714285715 0.03768844221105527 0.07589285714285714
1 0.3756281407035176 0.39285714285714285 0.031407035175879394 0.09151785714285714
1 0.42336683417085424 0.24330357142857142 0.032663316582914576 0.07589285714285714
1 0.47613065326633164 0.22767857142857142 0.026381909547738693 0.07142857142857142
1 0.6105527638190955 0.3794642857142857 0.04396984924623116 0.08705357142857142
1 0.6708542713567839 0.6160714285714286 0.035175879396984924 0.08258928571428571
1 0.6721105527638191 0.703125 0.03391959798994975 0.12276785714285714
2 0.1871859296482412 0.421875 0.04020100502512563 0.09151785714285714
0 0.6922110552763819 0.6473214285714286 0.01507537688442211 0.022321428571428572