1 0.048994974874371856 0.38839285714285715 0.04648241206030151 0.11607142857142858
1 0.17839195979899497 0.7522321428571429 0.04271356783919598 0.16071428571428573
1 0.39949748743718594 0.5200892857142857 0.05778894472361809 0.12276785714285714
1 0.5062814070351759 0.4732142857142857 0.052763819095477386 0.13392857142857142
1 0.6067839195979899 0.453125 0.04271356783919598 0.14285714285714285
1 0.5402010050251256 0.6450892857142857 0.05527638190954774 0.14732142857142858
1 0.7336683417085427 0.34598214285714285 0.04020100502512563 0.10267857142857142
1 0.7675879396984925 0.4107142857142857 0.04396984924623116 0.12276785714285714
1 0.8743718592964824 0.41517857142857145 0.03768844221105527 0.13392857142857142
1 0.757537688442211 0.5491071428571429 0.05025125628140704 0.13169642857142858
1 0.6871859296482412 0.5825892857142857 0.04396984924623116 0.11607142857142858
0 0.6658291457286433 0.6183035714285714 0.013819095477386936 0.026785714285714284