1 0.9635678391959799 0.45535714285714285 0.06532663316582915 0.17857142857142858
1 0.6168341708542714 0.515625 0.04271356783919598 0.16071428571428573
1 0.49748743718592964 0.5111607142857143 0.04020100502512563 0.15178571428571427
1 0.18592964824120603 0.5580357142857143 0.08040201005025126 0.14508928571428573
1 0.2638190954773869 0.5111607142857143 0.038944723618090454 0.14955357142857142
1 0.34045226130653267 0.4017857142857143 0.05527638190954774 0.12946428571428573
1 0.4258793969849246 0.41517857142857145 0.056532663316582916 0.12723214285714285
1 0.4484924623115578 0.45535714285714285 0.04396984924623116 0.12053571428571429
1 0.5439698492462312 0.3861607142857143 0.04396984924623116 0.12723214285714285
1 0.5728643216080402 0.41964285714285715 0.05025125628140704 0.12946428571428573
0 0.30402010050251255 0.40848214285714285 0.022613065326633167 0.03571428571428571