1 0.2236180904522613 0.8348214285714286 0.04522613065326633 0.12053571428571429
1 0.4296482412060301 0.8839285714285714 0.035175879396984924 0.140625
1 0.4434673366834171 0.78125 0.0414572864321608 0.10044642857142858
1 0.5515075376884422 0.609375 0.0364321608040201 0.10491071428571429
1 0.621859296482412 0.4732142857142857 0.035175879396984924 0.09821428571428571
1 0.878140703517588 0.25669642857142855 0.03768844221105527 0.07589285714285714
1 0.678391959798995 0.6183035714285714 0.028894472361809045 0.10491071428571429
1 0.635678391959799 0.640625 0.03768844221105527 0.11160714285714286
1 0.3479899497487437 0.4263392857142857 0.026381909547738693 0.08928571428571429
1 0.27386934673366836 0.38392857142857145 0.03768844221105527 0.07589285714285714
1 0.35175879396984927 0.2857142857142857 0.028894472361809045 0.09598214285714286
1 0.46984924623115576 0.32142857142857145 0.038944723618090454 0.078125
2 0.1457286432160804 0.48660714285714285 0.031407035175879394 0.09375
0 0.6984924623115578 0.640625 0.013819095477386936 0.03125