1 0.3316582914572864 0.5178571428571429 0.02386934673366834 0.109375
1 0.36055276381909546 0.4888392857142857 0.032663316582914576 0.08705357142857142
1 0.5188442211055276 0.23214285714285715 0.02386934673366834 0.078125
1 0.5414572864321608 0.27232142857142855 0.0414572864321608 0.07589285714285714
1 0.5866834170854272 0.3325892857142857 0.03015075376884422 0.09598214285714286
1 0.6130653266331658 0.3638392857142857 0.026381909547738693 0.09375
1 0.6319095477386935 0.4330357142857143 0.04020100502512563 0.109375
1 0.7474874371859297 0.53125 0.03391959798994975 0.13392857142857142
1 0.8517587939698492 0.6607142857142857 0.05025125628140704 0.12053571428571429
1 0.7412060301507538 0.7901785714285714 0.059045226130653265 0.13169642857142858
1 0.9346733668341709 0.9508928571428571 0.06909547738693467 0.09821428571428571
1 0.5314070351758794 0.7165178571428571 0.04271356783919598 0.12946428571428573
1 0.5527638190954773 0.5691964285714286 0.02763819095477387 0.10714285714285714
1 0.5477386934673367 0.46875 0.02386934673366834 0.09821428571428571
1 0.5653266331658291 0.4375 0.02763819095477387 0.10267857142857142
1 0.5967336683417085 0.5491071428571429 0.031407035175879394 0.11607142857142858
2 0.3454773869346734 0.39955357142857145 0.0364321608040201 0.10267857142857142
0 0.3592964824120603 0.5558035714285714 0.013819095477386936 0.026785714285714284