1 0.8994974874371859 0.8683035714285714 0.048994974874371856 0.15178571428571427
1 0.7989949748743719 0.6227678571428571 0.04020100502512563 0.13839285714285715
1 0.7022613065326633 0.7544642857142857 0.04020100502512563 0.13392857142857142
1 0.32663316582914576 0.765625 0.04522613065326633 0.14732142857142858
1 0.2613065326633166 0.5245535714285714 0.032663316582914576 0.11160714285714286
1 0.3103015075376884 0.5424107142857143 0.02763819095477387 0.11607142857142858
1 0.4045226130653266 0.2767857142857143 0.026381909547738693 0.10044642857142858
1 0.4484924623115578 0.26785714285714285 0.020100502512562814 0.05357142857142857
1 0.4585427135678392 0.328125 0.02763819095477387 0.10044642857142858
1 0.5050251256281407 0.37276785714285715 0.03391959798994975 0.08928571428571429
1 0.5552763819095478 0.4330357142857143 0.032663316582914576 0.11830357142857142
1 0.621859296482412 0.5022321428571429 0.04020100502512563 0.12276785714285714
1 0.4271356783919598 0.4375 0.03015075376884422 0.10267857142857142
1 0.46608040201005024 0.5379464285714286 0.031407035175879394 0.10044642857142858
1 0.44974874371859297 0.4375 0.02135678391959799 0.05133928571428571
1 0.4547738693467337 0.4799107142857143 0.026381909547738693 0.049107142857142856
2 0.1984924623115578 0.38839285714285715 0.028894472361809045 0.09821428571428571
0 0.4861809045226131 0.45089285714285715 0.017587939698492462 0.026785714285714284